0606
808080808080
800F00008080
808000001088
800000300080
810000008F80
808080808080

0606808080808080800F00008080808000001088800000300080810000008F80808080808080

0606
808080808080
800F00008080
808010001088
800000300080
800020008F80
808080808080

0606808080808080800F00008080808010001088800000300080800020008F80808080808080


0606
80 80 80 80 80 80
80 0F 00 80 80 80
80 80 10 80 10 88
80 00 00 80 00 80
80 00 20 00 00 8F
80 80 80 80 80 80


0606808080808080800F0080808080801080108880000080008080002000008F808080808080

0807
80 80 80 80 80 80 80 80
80 0F 00 00 00 00 00 80
81 8F 80 80 00 00 00 80
80 00 00 00 80 00 80 80
80 00 80 00 00 00 00 80
80 10 80 80 80 80 80 80
80 80 80 80 80 80 80 80

08088080808080808080800F000000000080818F80800000008080000002800080808000800000000080801080808080808080808080808080808080808080808080

0807
8080808080808080
800F000000000080
818F808000000080
8000000080008080
8070800000000080
8010808300808080
8080808080808080

2F47DC5E91A7A72F9E7EE627DF




0807
8080808080808080
800F000000000080
818F808000000080
8000000080008080
8000800000000080
8010808300808080
8080808080808080



0807
80 80 81 80 80 80 80 80
80 0F 00 00 00 00 00 80
81 8F 81 80 00 00 00 80 
80 00 20 00 80 00 80 80
80 70 80 00 00 00 00 80
80 10 80 83 00 80 80 80
80 80 80 80 80 80 80 80


08078080818080808080800F000000000080818F8180000000808000200080008080807080000000008080108083008080808080808080808080

0807
80 80 81 80 80 80 80 80
80 0F 00 00 00 00 00 80
81 8F 81 80 70 00 00 80
80 00 20 00 80 00 80 80
80 70 80 00 00 00 00 80
80 10 80 83 00 80 80 80
80 80 80 80 80 80 80 80



0808
80 80 81 80 80 80 80 80 
80 00 0F 00 00 00 00 80 
81 8F 81 80 70 00 00 80 
80 00 20 00 80 00 80 80 
80 70 80 00 00 00 00 80 
80 10 80 83 00 80 80 80 
80 80 80 80 80 80 80 80





















































